17 61 39 44 32 
60 14 30 84 10 
69 38 39 54 12 
82 34 99 24 29 
68 14 70 0 18 
45 37 0 36 82 
50 53 95 41 98 
27 53 64 57 89 
74 26 28 14 33 
40 48 19 92 24 
0 12 90 71 13 
8 16 50 8 53 
84 10 58 79 3 
8 58 56 72 15 
46 99 94 74 13 
79 66 13 98 58 
89 50 71 79 21 
36 87 90 38 47 
95 75 10 5 54 
13 14 13 70 38 
80 68 37 26 42 
2 57 60 67 55 
71 56 6 94 35 
79 82 74 21 72 
22 16 47 84 74 
54 97 40 19 19 
78 99 87 68 78 
81 22 35 94 90 
43 65 98 1 59 
34 32 41 8 54 
65 82 22 13 66 
96 67 16 36 86 
35 67 37 75 35 
15 8 9 3 2 
99 98 67 98 99 
78 84 31 71 44 
37 37 27 60 2 
45 56 69 61 45 
7 49 12 44 24 
47 12 84 8 67 
87 8 65 6 58 
64 37 42 47 8 
86 85 97 65 45 
99 11 53 20 24 
98 27 73 10 24 
49 9 88 34 18 
55 73 78 72 79 
88 36 16 30 35 
77 68 72 26 86 
17 78 97 23 50 
73 73 78 47 84 
54 48 45 42 82 
15 49 55 45 21 
87 33 9 55 15 
44 32 84 17 11 
70 86 89 19 61 
39 44 35 69 91 
71 23 92 16 17 
74 84 18 82 29 
39 21 63 0 76 
78 97 9 14 66 
72 36 52 61 7 
66 52 52 1 22 
95 72 97 87 40 
67 14 76 37 48 
6 77 69 21 29 
45 51 26 6 18 
92 78 6 97 91 
14 63 44 18 16 
18 13 40 67 1 
32 86 67 9 24 
15 67 53 36 40 
82 81 43 61 40 
61 5 18 68 2 
10 34 17 6 52 
85 76 17 25 95 
70 10 82 37 71 
58 4 38 11 40 
30 45 22 73 58 
62 87 64 32 7 
66 94 41 36 0 
45 21 28 62 99 
24 33 9 58 70 
80 16 75 70 79 
15 0 76 89 25 
35 3 12 99 36 
19 65 30 12 53 
83 9 75 11 72 
74 87 57 35 45 
79 15 13 54 37 
92 22 37 69 63 
14 4 67 27 55 
3 98 20 85 63 
26 68 72 1 32 
96 27 19 53 14 
17 33 29 82 39 
18 75 13 55 96 
77 21 52 96 48 
7 51 99 79 36 
62 5 57 86 58 
